Row	Correct First Attempt
390	
717	
803	
881	
1190	
1547	
2111	
2368	
2697	
2982	
3256	
3742	
4170	
4457	
4848	
5092	
5408	
5670	
5827	
6061	
6400	
6662	
6870	
7112	
7618	
7971	
8220	
8595	
9098	
9887	
9932	
10039	
10482	
11024	
11476	
11948	
12532	
12955	
13056	
13516	
13772	
14059	
14366	
14586	
14993	
15312	
15389	
15799	
16026	
16348	
16525	
16620	
16704	
16869	
17093	
17334	
18566	
19200	
19384	
19835	
20340	
20727	
21074	
21263	
21616	
22178	
22320	
22862	
23277	
23522	
23621	
23660	
23901	
24310	
24525	
24748	
25272	
25833	
25902	
26150	
26398	
26678	
26877	
27032	
27133	
27282	
27516	
27646	
28747	
29118	
29562	
29985	
30349	
30761	
31258	
31629	
31646	
31994	
32301	
32662	
32972	
33122	
33338	
33759	
33996	
34135	
34440	
34747	
34997	
35117	
35273	
35391	
35682	
36252	
36745	
37170	
37642	
38196	
38553	
38923	
39308	
39522	
39718	
40101	
40437	
40588	
40933	
41272	
41448	
41667	
41757	
42111	
42552	
42587	
42683	
42964	
43247	
43424	
43448	
43534	
43669	
43944	
44047	
44877	
45036	
45142	
45312	
45635	
45762	
45875	
46084	
46320	
46520	
46740	
46975	
47189	
47421	
47450	
47540	
47732	
47867	
47984	
48754	
49137	
49318	
49946	
50144	
50540	
50797	
50981	
51300	
52021	
52115	
52664	
53015	
53206	
53435	
53550	
53786	
53928	
54149	
54331	
55270	
56219	
56604	
57101	
57384	
57913	
58340	
58676	
59240	
59521	
59808	
60110	
60537	
61060	
61436	
61745	
62219	
62555	
62867	
63023	
63375	
63869	
64262	
64468	
64777	
65187	
65648	
65891	
66196	
66384	
66913	
67504	
67752	
68239	
68497	
69034	
69178	
69588	
69825	
69961	
70363	
70858	
70990	
71277	
71358	
71844	
72219	
72401	
72752	
73182	
73695	
73767	
73926	
74274	
74476	
74689	
74835	
74998	
75504	
75799	
75995	
76540	
77003	
77114	
77492	
77738	
78208	
78472	
78797	
79129	
79194	
79474	
79854	
80204	
80540	
80862	
81062	
81811	
82240	
82462	
83008	
83574	
83929	
84366	
84440	
84731	
85212	
85767	
86131	
86603	
87002	
87535	
87735	
88089	
88254	
88632	
89207	
89305	
89726	
90089	
90259	
90424	
90604	
90728	
91018	
91179	
91422	
91688	
91855	
92074	
92236	
92568	
92970	
93257	
93565	
93985	
94130	
94638	
94786	
95096	
95515	
95711	
96059	
96342	
96710	
96999	
97452	
97629	
97736	
98029	
98618	
98791	
98944	
99331	
99493	
99767	
99828	
99934	
100104	
100304	
100512	
102313	
102946	
103231	
103856	
104132	
104542	
104861	
105015	
105266	
105988	
106154	
106494	
106772	
107103	
107324	
107824	
108035	
108485	
108755	
109042	
109247	
109335	
109605	
110204	
110384	
110424	
110848	
111017	
111485	
111627	
111825	
112131	
112567	
112940	
113211	
113290	
113346	
113493	
113797	
113999	
114154	
114431	
114836	
115115	
115251	
115554	
115691	
115853	
115987	
116059	
116195	
116311	
116473	
117305	
117604	
117891	
118257	
118548	
118826	
118906	
119332	
119727	
120025	
120330	
120566	
120642	
120984	
121252	
121438	
121576	
121938	
122126	
122310	
122527	
122659	
122902	
123101	
123314	
123931	
124641	
124865	
125066	
125243	
125429	
125642	
126018	
126451	
126656	
127014	
127113	
127451	
127916	
128175	
128560	
128762	
129307	
129516	
129833	
129980	
130185	
130525	
131000	
131116	
131278	
131595	
131836	
132056	
132142	
132237	
132301	
132332	
132544	
132650	
133124	
133616	
134008	
134367	
134625	
134977	
135129	
135254	
135479	
135646	
136000	
136484	
136695	
137005	
137457	
137570	
138019	
138178	
138481	
138855	
139204	
139369	
139536	
139791	
140311	
140449	
140653	
140946	
141358	
141377	
141380	
141570	
142070	
142201	
142867	
143411	
143869	
144961	
145280	
145980	
146025	
146235	
146480	
146675	
146914	
147127	
147363	
147707	
148020	
148315	
148522	
148693	
148969	
149158	
149809	
150107	
150269	
150576	
150843	
150975	
151236	
151433	
151731	
152068	
152267	
153125	
153252	
153777	
154211	
154595	
154955	
155279	
155507	
155665	
155827	
156085	
156225	
156371	
156800	
157132	
157352	
157572	
157927	
158106	
158313	
158561	
158896	
159086	
159261	
159498	
159677	
159846	
160054	
160323	
160752	
160979	
161288	
161517	
161708	
162138	
162311	
162608	
162787	
163113	
163240	
163412	
163735	
163843	
164001	
164269	
164593	
164749	
165087	
165414	
165935	
166294	
166531	
167162	
167442	
167887	
168113	
168477	
169046	
169253	
169490	
169836	
170198	
170534	
171359	
171839	
172650	
173255	
173515	
174722	
175092	
175556	
175780	
175988	
176283	
176706	
176906	
177182	
177462	
177911	
178553	
178875	
179294	
179476	
179661	
179896	
180194	
180517	
180754	
180997	
181727	
181997	
182305	
182800	
183006	
183260	
183710	
183897	
184360	
184552	
184793	
185072	
185343	
185592	
185840	
186117	
186267	
186332	
186547	
186713	
186988	
187194	
187524	
187590	
187954	
188457	
188670	
188824	
189004	
189288	
189432	
189741	
189838	
190256	
190774	
191102	
191585	
192060	
192288	
192669	
192875	
193225	
193643	
194140	
194294	
194485	
194781	
195188	
195505	
195663	
195861	
196068	
196356	
196634	
196894	
197149	
197392	
197528	
197738	
198030	
198627	
198965	
199280	
199556	
200022	
200944	
201265	
202217	
202691	
202952	
203461	
203730	
204043	
204295	
204553	
204837	
205122	
205813	
206257	
207499	
207638	
208149	
209167	
209525	
210387	
211507	
212173	
212860	
213110	
213257	
213493	
213620	
213773	
214102	
214493	
214624	
214797	
214848	
214915	
215076	
215344	
215467	
215643	
215764	
215908	
216076	
216136	
216255	
216479	
216721	
216992	
217199	
217317	
217692	
218154	
218477	
218943	
219270	
219591	
220011	
220249	
220662	
221015	
221406	
221559	
221674	
221803	
221953	
222077	
222225	
222331	
222376	
222561	
222588	
222746	
222782	
222862	
222970	
223235	
223521	
223914	
224085	
224518	
224839	
225449	
226208	
226408	
227104	
227621	
228143	
228785	
229155	
229620	
230056	
230294	
230561	
230601	
230605	
230727	
230938	
231270	
231535	
231683	
231825	
232144	
232428	
232680	
233089	
233204	
233906	
234253	
234487	
235088	
235373	
235536	
235939	
236131	
236473	
236627	
236855	
237087	
237296	
237567	
237830	
238081	
238337	
239052	
239389	
239538	
240126	
240478	
240637	
240685	
240688	
240891	
241384	
241574	
241775	
242063	
242452	
242653	
243002	
243147	
243549	
244253	
244496	
245318	
246124	
246339	
246620	
247019	
247369	
247824	
248109	
248320	
248458	
248689	
248817	
248825	
248977	
249035	
249093	
249371	
249623	
249837	
250200	
250459	
250631	
251110	
251517	
251832	
252062	
252479	
252821	
252991	
253274	
253496	
253854	
254096	
254390	
254566	
254752	
255223	
255787	
256168	
256599	
257093	
257611	
258138	
258402	
258613	
258846	
258959	
259177	
259351	
259528	
259855	
260303	
260453	
260652	
260868	
261021	
261042	
261338	
261491	
261492	
261724	
261933	
262135	
262158	
262169	
262496	
263190	
263454	
263922	
264233	
264359	
264907	
265227	
265626	
266275	
266513	
266846	
266923	
267134	
267459	
267765	
268134	
268633	
268728	
269272	
269793	
270110	
270485	
270826	
271120	
271478	
271879	
272045	
272218	
272590	
272889	
273168	
273692	
273808	
274278	
275110	
275428	
276058	
276510	
277128	
277512	
277773	
278107	
278421	
278768	
278891	
279117	
279391	
279537	
279961	
280285	
280492	
280869	
281131	
281372	
281629	
282003	
282371	
282642	
282943	
283169	
283319	
283544	
283843	
284008	
284243	
284490	
284651	
284856	
285197	
285667	
285982	
286360	
286795	
287002	
287210	
287571	
287955	
288215	
288484	
288776	
288955	
289361	
289463	
290041	
290398	
290691	
291133	
291372	
291542	
291940	
292500	
293099	
293351	
293645	
293880	
294033	
294288	
294641	
294789	
294922	
295310	
295483	
295764	
295865	
295944	
296134	
296321	
296526	
297746	
298011	
298283	
298480	
298689	
298964	
299138	
299704	
300093	
300221	
300575	
300757	
300973	
301302	
301561	
301924	
302206	
302505	
302762	
302832	
303137	
303414	
303446	
303516	
303529	
303704	
304135	
304382	
304672	
305350	
305440	
305789	
306053	
306258	
306509	
306830	
307146	
307272	
307868	
308259	
308432	
308859	
309115	
309399	
309725	
310069	
310454	
310865	
311283	
311481	
311509	
311531	
311713	
312002	
312406	
312497	
312891	
313099	
313440	
313535	
313711	
314108	
314337	
314543	
314799	
315007	
315035	
315085	
315747	
316218	
316514	
317036	
317534	
318203	
318942	
319279	
319547	
319960	
320254	
320513	
321053	
321191	
321717	
322516	
322942	
323446	
324005	
324578	
325130	
325663	
325870	
326013	
326211	
326433	
326584	
326780	
326901	
327138	
327445	
327678	
327874	
328123	
328409	
328700	
328865	
329236	
329359	
329763	
330376	
330647	
331002	
331226	
331435	
331752	
331950	
332177	
332467	
332885	
333500	
333789	
334416	
334950	
335398	
335575	
335921	
336086	
336251	
336416	
336769	
337121	
337381	
337938	
338083	
338684	
339209	
339532	
340066	
340759	
341189	
341674	
342144	
342657	
342999	
343206	
343656	
343756	
343910	
344083	
344322	
344591	
344895	
345136	
345628	
345963	
346635	
347240	
347483	
348430	
349099	
349219	
349536	
350251	
350942	
351221	
351657	
351847	
351959	
352189	
352385	
352580	
352796	
352881	
353401	
353820	
354005	
354353	
354652	
354751	
355233	
355345	
355565	
355602	
355603	
355604	
355605	
355606	
355607	
355622	
355644	
355836	
356143	
356184	
356185	
356186	
356188	
356191	
356195	
356368	
356663	
356907	
357903	
358287	
358513	
358929	
359308	
359565	
359892	
360384	
360681	
360860	
361208	
361504	
361790	
362161	
362275	
362411	
362605	
362877	
363173	
363386	
363710	
363824	
364330	
364794	
365125	
365548	
365839	
366341	
366834	
367206	
367569	
368024	
368335	
368557	
368725	
368973	
369210	
369512	
369646	
369889	
370120	
370644	
370892	
371116	
371311	
371741	
371990	
372109	
372219	
372237	
372256	
372259	
372260	
372261	
372264	
372269	
372274	
372278	
372281	
372285	
372289	
372291	
372292	
372295	
372297	
372298	
372299	
372302	
372305	
372307	
372308	
372310	
372319	
372322	
372324	
372329	
372335	
372338	
372339	
372340	
372347	
372350	
372352	
372354	
372388	
372394	
372396	
372398	
372410	
372411	
372413	
372415	
372423	
372427	
372429	
372431	
372435	
372437	
372441	
372442	
372474	
372888	
373456	
373656	
374172	
374684	
375109	
375430	
375961	
376291	
376822	
377050	
377413	
377524	
377548	
377758	
378100	
378399	
378641	
378934	
379158	
379768	
380068	
380525	
381075	
381473	
381809	
382099	
382888	
383444	
383735	
384031	
384299	
384535	
384778	
385152	
385426	
386101	
386422	
386879	
387255	
387646	
388006	
388216	
388383	
388639	
388796	
389067	
389270	
389409	
390009	
390214	
390496	
391029	
391272	
391572	
391821	
392254	
392682	
393114	
393427	
393717	
393847	
394163	
394520	
394778	
395199	
395479	
395671	
395891	
396063	
396172	
396388	
396496	
396618	
397874	
398865	
399261	
399434	
399798	
400037	
400109	
400742	
401095	
401301	
401767	
402087	
402251	
402652	
402757	
403099	
403540	
403913	
404069	
404268	
404565	
404882	
405139	
405671	
406034	
406600	
407223	
407531	
408279	
408476	
408686	
409041	
409294	
409514	
409800	
409962	
410649	
410955	
411391	
411960	
412339	
412641	
413051	
413519	
413862	
414314	
414787	
414945	
415096	
415402	
415665	
415930	
416060	
416367	
416576	
416764	
416948	
417600	
417910	
418114	
418432	
418795	
419135	
419617	
420038	
420371	
420828	
421328	
421524	
421846	
422054	
422549	
422621	
422914	
423292	
423458	
423688	
423828	
423920	
424090	
424351	
424547	
424984	
425433	
425741	
425748	
425749	
425752	
425757	
425760	
425762	
425769	
425774	
425789	
425792	
425793	
425794	
425795	
425797	
425798	
425800	
425803	
425806	
425978	
426062	
426068	
426078	
426080	
426083	
426085	
426086	
426088	
426274	
426720	
427148	
427783	
428002	
428243	
428555	
428988	
429445	
429710	
430148	
430986	
431295	
432215	
433103	
433380	
434104	
434334	
434993	
435253	
435581	
435974	
436185	
436376	
436939	
437148	
437395	
437799	
438017	
438228	
438375	
438519	
438773	
438994	
439117	
439180	
439181	
439183	
439185	
439188	
439190	
439192	
439195	
439235	
439287	
441407	
441606	
441956	
442187	
442367	
442691	
442915	
443641	
444090	
444345	
445041	
445421	
445685	
446105	
446467	
446747	
447213	
447517	
447781	
447987	
448179	
448397	
448777	
448909	
449033	
449205	
449442	
449859	
450275	
450780	
450877	
451118	
451373	
451662	
451952	
452308	
452628	
452834	
453609	
453991	
454459	
455223	
455534	
456233	
456609	
457432	
457591	
457759	
458021	
458306	
458567	
458863	
459117	
459802	
460101	
460349	
460799	
461298	
461636	
461828	
461980	
462252	
462728	
462945	
463650	
463757	
464459	
464796	
465118	
465435	
465916	
466237	
466627	
466998	
467572	
467877	
468356	
468469	
468529	
468741	
469149	
469256	
469310	
469562	
469750	
470082	
470337	
470650	
470938	
471127	
471683	
471994	
472369	
472641	
472914	
473257	
473680	
473932	
474289	
474806	
475002	
475209	
475479	
476052	
476525	
476815	
477040	
477285	
477575	
477816	
478208	
478333	
478750	
479553	
479772	
480060	
480287	
480529	
480792	
481010	
481504	
481800	
481865	
482034	
482309	
482743	
483227	
483609	
484121	
484332	
484578	
484801	
485074	
485220	
485384	
485748	
485907	
486175	
486533	
486631	
487009	
487412	
487554	
487850	
488118	
488580	
488733	
489411	
489844	
490168	
490892	
491207	
491520	
492100	
492629	
493015	
493340	
493794	
494013	
494324	
494638	
495243	
495550	
495646	
495781	
495963	
496325	
496607	
496828	
497342	
497545	
498257	
498622	
498912	
499382	
499766	
500266	
500551	
501085	
501235	
501467	
501648	
501864	
502052	
502269	
502407	
502878	
503127	
503436	
503655	
504086	
504275	
504493	
504762	
504815	
505038	
505287	
505566	
505835	
506158	
506451	
506918	
507510	
507846	
508301	
508608	
508787	
509353	
509583	
510093	
510570	
511025	
511147	
511362	
511471	
511692	
511837	
512069	
512413	
512717	
513070	
513085	
513220	
513533	
513682	
513943	
514322	
514533	
514996	
515418	
515770	
516105	
516459	
516637	
516932	
517324	
517675	
518023	
518389	
518488	
518639	
519013	
519163	
519486	
519671	
519979	
520267	
520526	
521173	
521634	
521936	
522286	
522805	
523005	
523302	
523655	
524048	
524307	
524624	
524882	
525164	
525348	
525455	
525585	
525933	
526298	
526704	
527575	
527856	
528711	
529156	
529589	
530492	
531029	
531446	
532302	
532822	
533026	
533311	
533551	
533770	
534044	
534124	
534450	
534849	
535087	
535407	
535718	
535891	
536234	
536516	
537030	
537261	
537539	
537631	
537817	
538080	
538399	
538640	
538923	
539088	
539546	
540031	
540354	
540881	
541235	
541363	
541732	
542093	
542656	
542847	
543141	
543419	
543627	
543827	
544186	
544466	
544738	
544889	
545150	
545403	
545795	
546007	
546253	
546525	
546957	
547426	
547626	
547765	
547950	
548323	
548366	
548585	
548833	
549128	
549459	
549796	
549944	
550649	
550897	
551163	
551663	
551979	
552254	
552763	
552968	
553488	
553807	
554151	
554260	
554349	
554381	
554560	
554862	
555411	
555532	
555716	
555975	
556288	
556476	
556678	
556863	
557013	
557178	
557319	
557722	
557947	
558211	
558692	
558955	
559493	
560141	
560506	
561032	
561700	
562094	
562539	
562980	
563529	
563790	
563989	
564174	
564380	
564883	
565014	
565722	
565940	
566280	
566883	
567217	
567721	
568461	
568700	
569103	
569556	
569878	
570162	
570320	
570594	
571178	
571238	
571596	
571954	
572228	
572341	
572601	
572877	
573202	
573574	
573916	
574234	
574354	
574520	
574852	
575001	
575264	
575522	
575711	
576189	
576328	
576559	
576800	
577138	
577388	
577584	
577932	
578376	
578611	
578812	
578899	
579069	
579260	
579397	
579745	
579802	
580302	
580798	
581004	
581536	
581897	
582210	
582323	
582555	
582738	
582943	
583165	
583409	
583613	
583750	
584021	
584299	
584678	
584874	
585331	
585351	
585468	
585750	
586024	
586209	
586414	
586537	
586981	
587148	
587558	
587718	
587973	
588331	
588506	
589157	
589653	
589945	
590345	
590838	
591155	
591661	
592126	
592458	
592826	
593152	
593460	
593619	
594213	
594409	
594576	
594853	
595043	
595363	
595491	
595545	
595815	
596174	
596402	
596601	
596946	
597069	
597698	
598169	
598414	
598976	
599199	
599655	
600182	
600490	
600658	
600882	
601145	
601405	
601692	
601784	
602338	
602696	
602964	
603416	
603649	
603825	
604135	
604602	
604795	
604974	
605193	
605501	
605701	
606033	
606288	
606483	
606777	
606920	
607115	
607406	
607550	
607849	
608301	
608492	
608704	
608908	
609125	
609427	
609608	
609764	
610355	
610739	
611085	
611602	
611847	
612024	
612284	
612547	
612731	
612938	
613166	
613581	
613877	
614123	
614271	
614627	
614823	
615237	
615460	
615630	
616219	
616610	
616990	
617440	
617692	
618017	
618381	
618649	
618770	
618989	
619112	
619272	
619534	
619713	
619919	
620258	
620412	
621035	
621302	
621583	
621948	
622142	
622316	
622608	
622830	
622934	
623217	
623433	
623679	
623941	
624074	
624512	
625113	
625435	
625923	
626206	
626427	
626724	
626913	
627386	
627683	
627861	
628037	
628301	
628534	
628814	
628985	
629211	
629563	
630132	
630296	
630596	
630872	
631080	
631395	
631630	
631809	
632121	
632392	
632529	
632844	
632928	
633548	
633871	
634255	
634621	
634994	
635377	
635840	
636370	
636693	
637004	
637256	
637412	
637777	
638213	
638499	
638567	
638606	
638760	
638992	
639193	
639443	
639778	
640013	
640650	
641010	
641225	
641591	
642150	
642281	
642645	
643147	
643347	
643418	
643570	
643918	
644131	
644285	
644627	
644788	
645386	
645745	
646019	
646439	
646846	
647063	
647232	
647484	
647617	
647886	
648167	
648563	
648865	
649294	
649417	
649992	
650444	
650751	
650959	
651210	
651460	
651637	
651865	
652015	
652579	
652880	
653224	
653635	
653893	
654187	
654497	
654640	
655065	
655213	
655456	
655752	
655870	
655908	
656076	
656304	
656508	
656736	
657096	
657244	
657740	
658252	
658472	
658917	
659529	
659714	
660177	
660518	
660831	
661187	
661393	
661584	
661887	
662330	
662457	
662803	
663128	
663300	
663409	
663668	
663871	
664020	
664273	
664501	
664610	
665001	
665241	
665497	
665783	
666098	
666259	
666545	
666781	
666997	
667298	
667525	
667688	
667915	
668057	
668561	
669048	
669323	
669667	
669939	
670092	
670133	
670308	
670556	
670778	
670967	
671210	
671390	
671932	
672209	
672465	
672777	
673193	
673403	
673621	
673822	
674037	
674314	
674490	
674636	
674953	
675098	
675456	
675944	
676172	
676481	
676903	
677239	
677541	
677986	
678274	
678490	
678759	
678917	
679210	
679318	
679752	
680021	
680285	
680606	
680990	
681083	
681425	
681803	
682090	
682450	
682521	
682659	
682828	
683000	
683288	
683470	
683663	
683916	
684017	
684560	
684894	
685176	
685596	
685944	
686107	
686379	
686872	
687094	
687318	
687514	
687780	
688131	
688447	
688833	
689223	
689744	
690583	
690881	
691448	
691811	
692211	
692995	
693421	
693823	
694214	
694572	
694869	
694924	
695091	
695491	
695879	
696092	
696396	
696616	
696976	
697598	
697822	
698274	
698671	
699157	
699620	
700103	
700596	
701144	
701426	
701746	
701999	
702414	
702686	
702834	
702957	
703270	
703553	
703820	
704243	
704623	
705147	
705522	
706288	
706607	
706908	
707370	
707911	
708431	
708857	
709122	
709438	
709655	
709974	
710270	
710490	
710748	
710972	
711244	
711537	
711785	
712000	
712260	
712525	
712659	
713177	
713501	
713846	
714213	
714328	
714480	
714790	
715151	
715490	
715935	
716090	
716861	
717032	
717331	
718062	
718376	
718717	
719099	
719655	
719912	
720111	
720499	
720685	
720817	
721226	
721412	
721663	
722066	
722298	
722901	
723413	
723861	
724349	
724854	
725279	
725678	
726285	
726940	
727434	
727525	
727647	
728018	
728368	
728667	
729082	
729214	
729637	
730299	
730534	
731164	
731477	
731817	
732228	
732792	
733265	
733494	
733855	
734017	
734182	
734606	
734889	
735171	
735415	
735671	
736050	
736275	
736570	
737118	
737650	
737877	
738746	
739002	
739470	
739887	
740397	
740528	
740773	
741034	
741248	
741485	
741685	
741872	
742370	
742757	
743034	
743435	
743701	
743944	
744316	
744557	
744835	
745207	
745544	
745843	
746054	
746307	
746572	
746741	
746826	
746829	
747047	
747102	
747122	
747149	
747360	
747616	
747874	
748102	
748488	
748672	
749139	
749828	
750056	
750279	
750465	
750667	
750952	
751295	
751384	
751854	
752480	
752776	
753407	
753752	
754371	
754796	
755183	
755655	
755715	
755819	
756075	
756206	
756390	
756623	
756726	
757088	
757362	
757550	
757837	
758033	
758224	
758442	
758712	
759019	
759285	
759343	
759601	
759805	
760201	
760364	
760697	
760828	
761291	
761527	
761658	
761982	
762306	
762459	
762797	
762965	
763345	
763629	
763884	
764050	
764175	
764523	
764756	
764901	
764981	
765304	
765385	
765586	
765677	
765739	
765878	
766023	
766183	
767012	
767738	
768063	
768377	
768648	
769094	
769400	
769891	
770801	
771337	
772413	
772703	
773182	
773927	
774427	
774746	
774920	
775237	
775437	
775718	
775884	
776158	
776677	
777217	
777692	
778256	
778617	
778830	
779331	
779900	
780241	
780678	
780835	
781033	
781364	
781580	
781845	
782105	
782306	
782667	
783418	
783601	
784351	
784618	
784890	
785332	
786011	
786487	
787109	
787308	
787566	
787870	
788142	
788824	
788911	
789347	
789536	
789854	
790122	
790238	
790339	
790478	
790696	
790833	
791471	
791928	
792261	
792653	
792940	
793162	
793430	
794129	
794565	
794796	
795211	
795499	
795975	
796272	
796671	
797134	
797464	
797616	
797848	
798095	
798250	
798591	
798796	
798941	
799198	
799415	
799821	
799879	
799983	
800315	
800401	
800455	
800496	
800643	
800848	
801053	
801227	
801276	
801454	
801830	
802051	
802312	
802558	
802639	
802891	
803215	
803336	
803481	
803635	
803801	
803982	
804094	
804292	
804393	
804720	
805342	
805470	
805696	
805799	
805934	
806439	
806574	
806862	
807006	
807699	
807749	
807931	
808133	
808332	
808670	
808921	
809284	
809450	
809476	
809724	
810024	
810255	
810636	
810920	
811167	
811227	
811327	
811551	
811686	
812057	
812324	
812661	
812782	
812817	
812939	
813109	
813342	
813443	
813694	
814056	
814423	
814917	
815102	
815239	
815538	
816317	
816574	
816803	
816935	
817015	
817174	
817347	
817446	
817562	
817747	
818018	
818489	
818665	
818758	
819028	
819291	
819621	
819963	
820083	
820233	
820819	
821484	
821854	
822182	
822503	
822683	
822975	
823188	
823236	
823491	
823776	
823932	
824165	
824185	
824689	
825300	
825366	
825491	
825612	
825914	
826122	
826379	
826568	
826876	
827081	
827383	
827553	
827831	
827976	
828046	
828149	
828335	
828598	
829001	
829353	
829801	
829811	
829868	
830212	
830843	
831020	
831168	
831470	
831762	
832060	
832274	
832578	
832815	
833024	
833277	
833593	
833684	
834078	
834380	
834857	
835263	
835504	
835698	
835850	
836181	
836587	
836826	
837199	
837218	
837297	
837733	
838035	
838425	
838505	
838615	
838822	
839141	
839470	
839686	
839732	
839865	
840079	
840389	
840567	
840766	
840822	
840843	
841013	
841342	
841545	
842030	
842097	
842281	
842579	
842849	
842869	
842897	
843168	
843337	
843426	
843712	
844065	
844096	
844428	
844687	
844776	
844967	
845169	
845239	
845342	
845482	
845612	
845978	
846044	
846319	
846439	
846576	
846932	
847052	
847188	
847309	
847559	
847806	
847868	
847908	
848189	
848306	
848523	
848594	
848716	
849046	
849204	
849260	
849342	
849566	
849708	
849748	
849774	
849880	
850054	
850233	
850430	
850639	
850854	
850905	
850992	
851276	
851391	
851694	
851899	
851963	
852070	
852301	
852392	
852437	
852620	
852824	
852890	
852957	
853315	
853452	
853619	
853781	
853934	
854064	
854216	
854501	
854735	
854831	
854888	
855049	
855112	
855177	
855238	
855281	
855305	
855349	
855440	
855519	
855650	
855731	
855757	
855795	
855875	
856198	
856245	
856292	
856386	
856431	
856622	
856804	
856903	
857015	
857185	
857348	
857444	
857554	
857681	
857731	
857754	
857775	
857812	
857841	
857877	
858024	
858093	
858108	
858140	
858192	
858289	
858673	
858925	
859182	
859242	
859315	
859482	
859674	
860081	
860404	
860505	
860549	
860700	
860893	
861156	
861489	
861635	
861760	
861965	
862210	
862598	
862924	
863420	
863702	
863830	
863968	
864040	
864242	
864556	
864849	
865157	
865511	
865665	
865808	
865860	
866016	
866277	
866719	
866841	
867098	
867453	
867640	
867764	
867900	
868038	
868186	
868374	
868512	
868623	
869122	
869387	
869579	
869857	
870274	
870710	
870740	
870786	
871052	
871131	
871406	
871671	
872171	
872514	
872646	
872834	
873240	
873452	
873724	
873952	
874226	
874448	
874909	
875182	
875313	
875537	
875671	
876036	
876613	
876704	
876866	
877105	
877388	
877545	
877765	
878004	
878641	
878864	
879196	
879310	
879365	
879389	
879577	
879708	
879864	
880254	
880473	
880783	
881151	
881485	
881791	
881932	
882259	
882332	
882464	
882831	
883379	
883706	
884119	
884543	
884720	
884921	
885264	
885555	
885876	
886006	
886235	
886352	
886745	
887012	
887351	
887794	
888021	
888131	
888476	
888851	
889236	
889561	
889777	
890148	
890477	
890739	
890978	
891109	
891345	
891811	
891983	
892750	
892845	
892992	
893127	
893379	
893579	
893755	
893804	
894138	
894423	
894940	
895132	
895440	
895624	
895739	
895843	
896299	
896552	
896888	
897130	
897230	
897482	
897637	
897716	
897965	
898213	
898282	
898352	
898440	
898504	
898935	
899030	
899600	
899608	
899612	
899785	
899817	
899823	
899855	
900184	
900318	
900504	
900676	
900721	
900771	
900816	
900821	
900905	
901108	
901251	
901419	
901667	
901797	
901823	
902095	
902206	
902267	
902376	
902539	
902656	
902880	
903142	
903434	
903698	
903774	
904035	
904259	
904544	
904616	
904687	
904809	
905076	
905220	
905368	
905466	
905483	
905710	
905844	
905940	
906026	
906302	
906590	
906712	
907073	
907170	
907253	
907462	
907847	
908193	
908388	
908709	
908859	
909135	
909712	
910070	
910233	
910845	
911141	
911235	
911507	
911678	
911931	
912222	
912393	
912638	
912992	
913276	
913464	
913500	
913574	
913793	
914096	
914169	
914242	
914431	
914535	
914645	
914944	
915210	
915417	
915719	
915827	
915919	
916225	
916714	
916970	
917224	
917401	
917669	
917758	
918101	
918360	
918756	
918910	
919105	
919218	
919410	
919554	
919657	
919689	
919724	
919764	
919968	
920064	
920108	
920167	
920299	
920377	
920514	
920718	
920914	
921185	
921381	
921538	
921610	
921941	
921994	
922058	
922133	
922156	
922173	
922184	
922341	
922442	
922494	
922538	
922554	
922806	
922983	
923115	
923390	
923542	
923593	
923787	
923859	
923909	
923986	
924191	
924288	
924352	
924408	
924469	
924559	
924724	
924857	
924893	
925002	
925068	
925093	
925188	
925352	
925539	
925655	
925784	
925922	
925969	
926026	
926111	
926212	
926411	
926444	
926502	
926588	
926826	
926858	
926907	
927178	
927264	
927294	
927416	
927525	
927680	
927724	
927731	
927763	
927796	
927824	
928346	
928522	
928856	
929125	
929467	
929618	
929770	
929980	
930058	
930097	
930303	
930534	
930974	
931177	
931340	
931567	
931800	
931947	
932175	
932465	
932714	
932980	
933125	
933301	
933721	
934129	
934363	
934727	
934834	
935035	
935214	
935271	
935335	
935492	
935817	
936070	
936228	
936432	
936619	
936801	
937139	
937453	
937728	
937897	
938151	
938489	
938664	
938974	
939762	
939867	
940090	
940368	
940578	
940869	
940925	
941109	
941362	
941480	
941714	
941938	
942197	
942282	
942335	
942358	
942444	
942580	
942746	
943018	
943172	
943341	
943653	
943734	
943905	
944709	
946149	
946416	
946561	
946800	
947360	
947478	
947695	
948050	
948357	
948534	
948604	
949027	
949146	
949376	
949636	
949998	
950393	
950708	
950754	
950949	
951350	
951535	
951657	
951846	
952524	
952563	
952975	
953098	
953233	
953584	
953793	
954213	
954416	
954709	
955054	
955201	
955403	
955663	
956042	
956089	
956175	
956730	
956895	
957119	
957494	
957669	
957865	
958078	
958361	
958734	
958977	
959089	
959358	
959728	
959991	
960254	
960451	
960542	
960859	
961524	
961723	
961953	
962585	
963138	
963390	
963580	
964109	
964377	
964543	
964831	
965296	
965470	
965760	
966118	
966264	
966431	
966533	
966896	
967297	
967493	
967987	
968281	
968465	
968785	
969444	
969472	
969490	
969802	
969991	
970491	
970719	
971163	
971587	
972087	
972544	
973120	
973429	
973460	
973743	
973935	
974086	
974383	
974706	
974856	
975060	
975199	
975472	
975614	
976224	
976725	
977133	
977294	
977396	
977643	
977897	
978196	
978956	
979107	
979310	
979650	
979858	
979970	
980216	
980832	
981291	
981731	
981918	
982186	
982475	
982743	
982968	
982992	
983429	
983781	
984013	
984342	
984653	
985277	
985653	
985745	
986046	
986243	
986639	
986765	
987187	
987653	
987834	
987998	
988132	
988168	
988347	
988772	
988983	
989363	
989558	
989834	
990196	
990393	
990591	
990600	
990717	
991032	
991319	
991600	
991969	
992110	
992217	
992441	
992684	
992989	
993293	
993597	
993744	
993922	
994249	
994553	
995096	
995274	
995460	
995495	
995711	
995908	
996171	
996599	
996762	
996887	
997084	
997265	
997717	
998134	
998358	
998598	
998854	
999034	
999608	
999780	
999953	
1000076	
1000474	
1000744	
1001448	
1001653	
1001941	
1002153	
1002553	
1002791	
1003198	
1003712	
1003937	
1004265	
1004444	
1004550	
1004613	
1004673	
1004817	
1005225	
1005457	
1005501	
1005662	
1005775	
1005833	
1005976	
1006206	
1006472	
1006822	
1006949	
1007413	
1007923	
1008076	
1008454	
1008550	
1008702	
1008903	
1009082	
1009434	
1009799	
1010117	
1010204	
1010296	
1010536	
1010759	
1011004	
1011275	
1011539	
1012045	
1012389	
1012512	
1012607	
1012886	
1013271	
1013537	
1013665	
1014007	
1014123	
1014124	
1014180	
1014267	
1014519	
1014735	
1015067	
1015269	
1015518	
1015785	
1015993	
1016258	
1016388	
1016464	
1016580	
1016597	
1016712	
1017329	
1017521	
1017857	
1018208	
1018397	
1018553	
1018648	
1018756	
1018870	
1019081	
1019641	
1020097	
1020163	
1020764	
1021253	
1021667	
1022713	
1022813	
1023439	
1023816	
1023996	
1024184	
1024501	
1024789	
1024900	
1025277	
1025610	
1025940	
1026221	
1026316	
1026690	
1026778	
1027026	
1027350	
1027661	
1027730	
1028136	
1028828	
1028907	
1029094	
1029531	
1029896	
1030273	
1030688	
1030897	
1031008	
1031267	
1031808	
1032138	
1032449	
1032623	
1032713	
1032935	
1033537	
1033793	
1034190	
1034494	
1034612	
1034876	
1034959	
1035167	
1035474	
1035856	
1036228	
1036885	
1037261	
1037446	
1037666	
1037775	
1038209	
1038573	
1038675	
1038778	
1038996	
1039199	
1039417	
1039713	
1040011	
1040207	
1040414	
1040768	
1041534	
1041731	
1041774	
1041905	
1042153	
1042485	
1042738	
1042880	
1043031	
1043138	
1043260	
1043486	
1043706	
1043832	
1044358	
1044537	
1044831	
1045150	
1045707	
1045855	
1046013	
1046363	
1046465	
1046652	
1046861	
1047131	
1047238	
1047315	
1048001	
1048111	
1048197	
1048393	
1048689	
1048872	
1049003	
1049098	
1049215	
1049403	
1049559	
1049639	
1049684	
1049691	
1049743	
1049837	
1049998	
1050107	
1050135	
1050190	
1050267	
1050313	
1050381	
1050529	
1050569	
1050786	
1050885	
1050961	
1051008	
1051198	
1051322	
1051355	
1051472	
1051519	
1051647	
1051716	
1051796	
1051828	
1051858	
1051949	
1052049	
1052213	
1052359	
1052403	
1052601	
1052675	
1052912	
1053022	
1053097	
1053108	
1053125	
1053169	
1053367	
1053487	
1053529	
1053651	
1053712	
1053831	
1053972	
1054029	
1054059	
1054284	
1054368	
1054416	
1054749	
1055187	
1055382	
1055734	
1056018	
1056264	
1056370	
1056805	
1057145	
1057529	
1057728	
1057803	
1057965	
1058120	
1058336	
1058502	
1058722	
1058810	
1059122	
1059491	
1059755	
1060003	
1060247	
1060687	
1060907	
1061134	
1061553	
1061987	
1062392	
1062454	
1062688	
1062899	
1063143	
1063372	
1063604	
1063769	
1063955	
1064181	
1064265	
1064894	
1065198	
1065496	
1065680	
1065964	
1066340	
1066510	
1066731	
1066892	
1067036	
1067302	
1067482	
1067729	
1067850	
1068156	
1068354	
1068489	
1068705	
1068934	
1069161	
1069358	
1069449	
1069728	
1070241	
1070466	
1070711	
1071133	
1071411	
1071701	
1071719	
1071871	
1071931	
1072243	
1072429	
1072700	
1072966	
1073041	
1073178	
1073355	
1073597	
1073863	
1073986	
1074026	
1074095	
1074230	
1074305	
1074355	
1074369	
1074631	
1074713	
1074809	
1074935	
1075034	
1075052	
1075098	
1075308	
1075314	
1075320	
1075348	
1075420	
1075468	
1075545	
1075779	
1076056	
1076131	
1076249	
1076381	
1076415	
1076489	
1076658	
1076816	
1076841	
1076862	
1076891	
1077074	
1077181	
1077188	
1077367	
1077531	
1077804	
1077905	
1077956	
1078100	
1078259	
1078340	
1078373	
1078406	
1078449	
1078772	
1078787	
1078797	
1078861	
1078981	
1079009	
1079224	
1079365	
1079404	
1079446	
1079562	
1079734	
1079778	
1079814	
1079843	
1080247	
1080531	
1080590	
1080617	
